{
 "cells": [
  {
   "cell_type": "code",
   "execution_count": 25,
   "metadata": {
    "colab": {
     "base_uri": "https://localhost:8080/"
    },
    "id": "9fzcLqEvPiKj",
    "outputId": "1778d16b-935f-4b6e-c384-0171bd16f3c8"
   },
   "outputs": [
    {
     "name": "stdout",
     "output_type": "stream",
     "text": [
      "A:\n",
      "[[ 5.2  3.   0.5  1.   2. ]\n",
      " [ 3.   6.3 -2.   4.   0. ]\n",
      " [ 0.5 -2.   8.  -3.1  3. ]\n",
      " [ 1.   4.  -3.1  7.6  2.6]\n",
      " [ 2.   0.   3.   2.6 15. ]]\n",
      "L:\n",
      " [[ 1.          0.          0.          0.          0.        ]\n",
      " [ 0.57692308  1.          0.          0.          0.        ]\n",
      " [ 0.09615385 -0.50084175  1.          0.          0.        ]\n",
      " [ 0.19230769  0.74915825 -0.21771745  1.          0.        ]\n",
      " [ 0.38461538 -0.25252525  0.32763365  0.78865888  1.        ]]\n",
      "U:\n",
      " [[ 5.2         3.          0.5         1.          2.        ]\n",
      " [ 0.          4.56923077 -2.28846154  3.42307692 -1.15384615]\n",
      " [ 0.          0.          6.80576599 -1.48173401  2.22979798]\n",
      " [ 0.          0.          0.          4.52066665  3.56526391]\n",
      " [ 0.          0.          0.          0.         10.39706003]]\n",
      "L*U:\n",
      " [[ 5.20000000e+00  3.00000000e+00  5.00000000e-01  1.00000000e+00\n",
      "   2.00000000e+00]\n",
      " [ 3.00000000e+00  6.30000000e+00 -2.00000000e+00  4.00000000e+00\n",
      "   0.00000000e+00]\n",
      " [ 5.00000000e-01 -2.00000000e+00  8.00000000e+00 -3.10000000e+00\n",
      "   3.00000000e+00]\n",
      " [ 1.00000000e+00  4.00000000e+00 -3.10000000e+00  7.60000000e+00\n",
      "   2.60000000e+00]\n",
      " [ 2.00000000e+00 -2.22044605e-16  3.00000000e+00  2.60000000e+00\n",
      "   1.50000000e+01]]\n",
      "\n",
      "Les solutions du système sont :  [-0.4432298   1.40072538  0.60606563 -0.32068731  0.06013665]\n",
      "\n",
      "Temps d'exécution :  4.1217803955078125  ms\n"
     ]
    }
   ],
   "source": [
    "import time\n",
    "start = time.time()\n",
    "import numpy as np\n",
    "import sys\n",
    "import pdb\n",
    "\n",
    "\n",
    "\n",
    "\n",
    "A = np.array([[5.2,3,0.5,1,2],[3,6.3,-2,4,0],[0.5,-2,8,-3.1,3],[1,4,-3.1,7.6,2.6],[2,0,3,2.6,15]])\n",
    "\n",
    "\n",
    "b = np.array([[2],[5],[3],[1],[1]])\n",
    "\n",
    "\n",
    "\n",
    "\n",
    "def lowerMatrix(L,b): #forward\n",
    "    n = L.shape[0] # size of matrix\n",
    "    y = np.zeros(n) # creat matrix n*1 and zero elements\n",
    "    for i in range(n):\n",
    "        y[i] = (b[i]- np.sum([L[i,j]*y[j] for j in range(i)]))/L[i,i] #formula for y_i in Ly=b\n",
    "    return y\n",
    "\n",
    "def upperMatrix(U,y):  #backward\n",
    "    n = U.shape[0] # size of matrix\n",
    "    x = np.zeros(n) # creat matrix n*1 and zero elements\n",
    "    for i in range(n-1,-1,-1): # i = n-1 to 0\n",
    "        x[i] = (y[i]- np.sum([U[i,j]*x[j] for j in range(i+1,n)]))/U[i,i] #formula for x_i in Ux=y\n",
    "    return x\n",
    "\n",
    "\n",
    "def function(A):\n",
    "    B = A.copy()\n",
    "    n = B.shape[0]\n",
    "    intch = np.zeros(n, dtype=int) #for PLU\n",
    "    for k in range(n-1): # n-1 because there is no need to use function for last row\n",
    "        amax = np.max(np.absolute(B[k:n,k]))  #k:n --> columns k to n\n",
    "        m = np.argmax(np.absolute(B[k:n,k])) + k # +k because index will start from k (k:n)\n",
    "        # now : amax = A[m,k]  --> row: m and column: k\n",
    "        if amax == 0:\n",
    "            print(\"Matrix is Singular!\")\n",
    "            return False\n",
    "        else:\n",
    "            intch[k] = m\n",
    "            if k!=m:\n",
    "                B[[k,m]] = B[[m,k]] #change row m with row k\n",
    "            B[k+1:n,k] = B[k+1:n,k]/B[k,k] #formula for get ZARIB ha\n",
    "            #A[k+1:n,k] means every row of A in Columns k from row k+1 to n\n",
    "            for i in range(k+1,n):\n",
    "                B[i,k+1:n] = B[i,k+1:n] - B[i,k]*B[k,k+1:n]\n",
    "\n",
    "    if B[n-1,n-1] == 0:\n",
    "        print(\"Matrix is Singular!\")\n",
    "        return False\n",
    "    else:\n",
    "        intch[n-1] = n-1\n",
    "\n",
    "    return B , intch\n",
    "\n",
    "def LU(A):\n",
    "    if function(A):\n",
    "        B , intch = function(A)\n",
    "        n = B.shape[0]\n",
    "        U = np.triu(B)\n",
    "        L = B - U + np.eye(n)\n",
    "\n",
    "        P = np.eye(n)\n",
    "        for k in range(n):\n",
    "            m = intch[k]\n",
    "            P[[k, m]] = P[[m, k]]\n",
    "\n",
    "        return P,L,U\n",
    "    else:\n",
    "        return False\n",
    "\n",
    "def solve(L,U,b):\n",
    "    y = lowerMatrix(L, b)\n",
    "    x = upperMatrix(U, y)\n",
    "    return x\n",
    "\n",
    "\n",
    "print (\"A:\")\n",
    "print (A)\n",
    "\n",
    "\n",
    "p, L,U = LU(A)\n",
    "\n",
    "\n",
    "print (\"L:\\n\", L)\n",
    "print (\"U:\\n\", U)\n",
    "\n",
    "print (\"L*U:\\n\", np.dot(L, U))\n",
    "\n",
    "x = solve(L, U, b)\n",
    "\n",
    "print(\"\\nLes solutions du système sont : \",x)\n",
    "\n",
    "end = time.time()\n",
    "print(\"\\nTemps d'exécution : \",(end - start) * 10**3,\" ms\")"
   ]
  },
  {
   "cell_type": "code",
   "execution_count": null,
   "metadata": {},
   "outputs": [],
   "source": []
  }
 ],
 "metadata": {
  "colab": {
   "collapsed_sections": [],
   "provenance": []
  },
  "kernelspec": {
   "display_name": "Python 3 (ipykernel)",
   "language": "python",
   "name": "python3"
  },
  "language_info": {
   "codemirror_mode": {
    "name": "ipython",
    "version": 3
   },
   "file_extension": ".py",
   "mimetype": "text/x-python",
   "name": "python",
   "nbconvert_exporter": "python",
   "pygments_lexer": "ipython3",
   "version": "3.9.12"
  }
 },
 "nbformat": 4,
 "nbformat_minor": 4
}
